,0.0,0.033333333,0.066666666,0.1,0.133333333,0.166666666,0.2,0.233333333,0.266666666,0.3,0.333333333,0.366666666,0.4,0.433333333,0.466666666,0.5,0.533333333,0.566666666,0.6,0.633333333,0.666666666,0.7,0.733333333,0.766666666,0.8,0.833333333,0.866666666,0.9,0.933333333,0.966666666,1.0,1.033333333,1.066666666,1.1,1.133333333,1.166666666,1.2,1.233333333,1.266666666,1.3,1.333333333,1.366666666,1.4,1.433333333,1.466666666,1.5,1.533333333,1.566666666,1.6,1.633333333,1.666666666,1.7,1.733333333,1.766666666,1.8,1.833333333,1.866666666,1.9,1.933333333,1.966666666,2.0,2.033333333,2.066666666,2.1,2.133333333,2.166666666,2.2,2.233333333,2.266666666,2.3,2.333333333,2.366666666,2.4,2.433333333,2.466666666,2.5,2.533333333,2.566666666,2.6,2.633333333,2.666666666,2.7,2.733333333,2.766666666,2.8,2.833333333,2.866666666,2.9,2.933333333,2.966666666,3.0,3.033333333,3.066666666,3.1,3.133333333,3.166666666,3.2,3.233333333,3.266666666,3.3,3.333333333,3.366666666,3.4,3.433333333,3.466666666,3.5,3.533333333,3.566666666,3.6,3.633333333,3.666666666,3.7,3.733333333,3.766666666,3.8,3.833333333,3.866666666,3.9,3.933333333,3.966666666,4.0,4.033333333,4.066666666,4.1,4.133333333,4.166666666,4.2,4.233333333,4.266666666,4.3,4.333333333,4.366666666,4.4,4.433333333,4.466666666,4.5,4.533333333,4.566666666,4.6,4.633333333,4.666666666,4.7,4.733333333,4.766666666,4.8,4.833333333,4.866666666,4.9,4.933333333,4.966666666,5.0,5.033333333,5.066666666,5.1,5.133333333,5.166666666,5.2,5.233333333,5.266666666,5.3,5.333333333,5.366666666,5.4,5.433333333,5.466666666,5.5,5.533333333,5.566666666,5.6,5.633333333,5.666666666,5.7,5.733333333,5.766666666,5.8,5.833333333,5.866666666,5.9,5.933333333,5.966666666,6.0,6.033333333,6.066666666,6.1,6.133333333,6.166666666,6.2,6.233333333,6.266666666,6.3,6.333333333,6.366666666,6.4,6.433333333,6.466666666,6.5,6.533333333,6.566666666,6.6,6.633333333,6.666666666,6.7,6.733333333,6.766666666,6.8,6.833333333,6.866666666,6.9,6.933333333,6.966666666,7.0,7.033333333,7.066666666,7.1,7.133333333,7.166666666,7.2,7.233333333,7.266666666,7.3,7.333333333,7.366666666,7.4,7.433333333,7.466666666,7.5,7.533333333,7.566666666,7.6,7.633333333,7.666666666,7.7,7.733333333,7.766666666,7.8,7.833333333,7.866666666,7.9,7.933333333,7.966666666,8.0,8.033333333,8.066666666,8.1,8.133333333,8.166666666,8.2,8.233333333,8.266666666,8.3,8.333333333,8.366666666,8.4,8.433333333,8.466666666,8.5,8.533333333,8.566666666,8.6,8.633333333,8.666666666,8.7,8.733333333,8.766666666,8.8,8.833333333,8.866666666,8.9,8.933333333,8.966666666,9.0,9.033333333,9.066666666,9.1,9.133333333,9.166666666,9.2,9.233333333,9.266666666,9.3,9.333333333,9.366666666,9.4,9.433333333,9.466666666,9.5,9.533333333,9.566666666,9.6,9.633333333,9.666666666,9.7,9.733333333,9.766666666,9.8,9.833333333,9.866666666,9.9,9.933333333,9.966666666,10.0,10.033333333,10.066666666,10.1,10.133333333,10.166666666,10.2,10.233333333,10.266666666,10.3,10.333333333,10.366666666,10.4,10.433333333,10.466666666,10.5,10.533333333,10.566666666,10.6,10.633333333,10.666666666,10.7,10.733333333,10.766666666,10.8,10.833333333,10.866666666,10.9,10.933333333,10.966666666,11.0,11.033333333,11.066666666,11.1,11.133333333,11.166666666,11.2,11.233333333,11.266666666,11.3,11.333333333,11.366666666,11.4,11.433333333,11.466666666,11.5,11.533333333,11.566666666,11.6,11.633333333,11.666666666,11.7,11.733333333,11.766666666,11.8,11.833333333,11.866666666,11.9,11.933333333,11.966666666,12.0,12.033333333,12.066666666,12.1,12.133333333,12.166666666,12.2,12.233333333,12.266666666,12.3,12.333333333,12.366666666,12.4,12.433333333,12.466666666,12.5,12.533333333,12.566666666,12.6,12.633333333,12.666666666,12.7,12.733333333,12.766666666,12.8,12.833333333,12.866666666,12.9,12.933333333,12.966666666,13.0,13.033333333,13.066666666,13.1,13.133333333,13.166666666,13.2,13.233333333,13.266666666,13.3,13.333333333,13.366666666,13.4,13.433333333,13.466666666,13.5,13.533333333,13.566666666,13.6,13.633333333,13.666666666,13.7,13.733333333,13.766666666,13.8,13.833333333,13.866666666,13.9,13.933333333,13.966666666,14.0,14.033333333,14.066666666,14.1,14.133333333,14.166666666,14.2,14.233333333,14.266666666,14.3,14.333333333,14.366666666,14.4,14.433333333,14.466666666,14.5,14.533333333,14.566666666,14.6,14.633333333,14.666666666,14.7,14.733333333,14.766666666,14.8,14.833333333,14.866666666,14.9,14.933333333,14.966666666,15.0,15.033333333,15.066666666,15.1,15.133333333,15.166666666,15.2,15.233333333,15.266666666,15.3,15.333333333,15.366666666,15.4,15.433333333,15.466666666,15.5,15.533333333,15.566666666,15.6,15.633333333,15.666666666,15.7,15.733333333,15.766666666,15.8,15.833333333,15.866666666,15.9,15.933333333,15.966666666,16.0,16.033333333,16.066666666,16.1,16.133333333,16.166666666,16.2,16.233333333,16.266666666
"(left_shoulder,
                    left_elbow,
                    left_wrist)",190.97651667228183,189.56627109376782,188.13144321152552,186.671213992861,185.18507541214194,183.6727995117244,182.13440690803054,180.57012712410463,178.98037273361754,177.36572549330833,175.72692566444488,174.06485583308836,172.38052319049288,170.67503946819065,168.94961153495288,167.20554021229236,165.44424360771293,163.667364359074,161.87681618115514,160.0746462516065,158.26254889684998,156.44037256730962,154.60182121339932,152.72430577921006,150.7543170117456,148.38711630524142,146.04552047396305,143.75417473692022,141.53464635217802,139.40487475467336,137.3803200471761,135.47479373906373,133.7018588065375,132.0759302911026,130.61206875200963,129.32476507502332,128.22737526325983,127.33212170259479,126.65057416839905,126.19388612262347,125.97253179303951,125.99585408293053,126.27059124578089,126.80009462722114,127.58487867555351,128.62294228532446,129.9088890332984,131.43253814680327,133.1775728199642,135.12108987318345,137.2334920997798,139.4790195869395,141.81866007085222,144.21578938350447,146.6407588693425,149.06738192352927,151.47245835839053,153.83462643872068,156.1319077261464,158.3419420360336,160.44405546549334,162.42036436714608,164.25633301518585,165.93876287174476,167.4549778997333,168.7937227529843,169.94494183406033,170.89978885048612,171.6501102816256,172.18866456101654,172.5089657744754,172.603968632726,172.4679079963045,172.09786426292249,171.4949217370594,170.66387199823777,169.6115374770149,168.34562903074186,166.87489530765455,165.20926030673647,163.36008993763946,161.34028512283183,159.1640253205887,156.84741916873594,154.40969070989712,151.8744560442272,149.26887440808315,146.62103172924094,143.95914206888455,141.31150752191655,138.70574618016207,136.1683339764054,133.72457910197846,131.39827931468017,129.2111433531446,127.18300634158985,125.33252074868861,123.67775544339082,122.23620271590474,121.02428237269089,120.05601215545146,119.34228112733408,118.89117238396477,118.70832733204118,118.79715081384194,119.15851070958001,119.79022713243968,120.68757482370597,121.84317666272352,123.2464462341772,124.88296839897409,126.73425172562068,128.7790428596363,130.99304280337748,133.34888458562122,135.81766683039035,138.36958339641052,140.97489864316174,143.60417949047124,146.22952628662253,148.82540376439206,151.36649161225677,153.82715541379486,156.1828615334899,158.41200389901476,160.49765394800335,162.4270308139196,164.19026185418062,165.77783216932156,167.1802813880582,168.3889805221702,169.3960947631814,170.1932085078568,170.7701078703121,171.11398384898803,171.2129349489221,171.0599815054923,170.6517180767264,169.9873754841257,169.070245264785,167.90747538251995,166.50867424922566,164.88592030263206,163.053743921008,161.02862768427764,158.82824306684893,156.47078831887592,153.97506254015434,151.36108807213049,148.64970382938446,145.86274560579398,143.0229994585157,140.15440383767248,137.28259472558773,134.43480427697955,131.63910853368668,128.92276785514844,126.31118008393275,123.82812785360716,121.49675242601319,119.33964610248887,117.3784297851227,115.63438436526684,114.12881481084634,112.88258312890756,111.91479918964305,111.24157074118357,110.87530113654981,110.82424160073482,111.09239797822902,111.6792867093202,112.57946641104218,113.78221451675469,115.27162851414519,117.02777294544921,119.02787118727326,121.24707366473547,123.65915982991407,126.2355688104679,128.945912552989,131.75965583362296,134.64719928105842,137.5802916944728,140.53127650801326,143.471348008819,146.3710557389449,149.2028978322079,151.9414095612325,154.56292585057105,157.04631384037964,159.37306549355645,161.52606380551657,163.48798304308318,165.2412440472195,166.77043330358424,168.06274241468563,169.10641679001017,169.89072175371484,170.40778013357965,170.65272630398428,170.62430358173435,170.32275627081793,169.74905379975095,168.90569027966097,167.79941380685216,166.4419814351084,164.84852080372514,163.03570447978814,161.0211027953523,158.8229439263563,156.4588553587713,153.94529085387455,151.29839266648708,148.53444233659638,145.67002418304514,142.72263783720098,139.7120746852945,136.66216388910743,133.60209974822135,130.5648369573895,127.58509722547353,124.69870823199199,121.94215219689056,119.35133183703499,116.95952944474072,114.79599452970479,112.88543578584415,111.24836084221846,109.90176456407727,108.85930335682201,108.13084140378842,107.72257660676046,107.63788455165717,107.87716608034836,108.43678492750031,109.30843225796616,110.47902254092998,111.93076687149352,113.64300270218234,115.59383897348255,117.76124714774733,120.12361810163429,122.65839229073947,125.34083802496843,128.14594810209724,131.0497666271109,134.02811495885112,137.0553312939246,140.10355162147607,143.14315936835817,146.14512723258372,149.08048189274473,151.9198603678725,154.6333505906789,157.19292029207566,159.57453472611394,161.75801300411115,163.72591269851927,165.4622336978247,166.95321549487556,168.188030847777,169.1592368682434,169.86386340147402,170.3044541536344,170.487628000799,170.42074562965317,170.11024569069102,169.56185518952105,168.7830148700241,167.78320195410487,166.5721280391203,165.15838207821707,163.55173692203755,161.7647600901721,159.8120251055243,157.7093874752601,155.4726658014779,153.1162351401,150.6529016765976,148.09434061637126,145.4508953021566,142.7317762829599,139.94600910530073,137.10364003831,134.21611798626304,131.29648184437485,128.3594397945892,125.42143124581423,122.5017020035757,119.62219839793806,116.80821962395646,114.08779065623867,111.4898102083672,109.04243738544596,106.7718425690814,104.70177511797749,102.85399056539279,101.24824286968385,99.90179113433913,98.82900132662849,98.04123401938347,97.54607320245225,97.34698212757525,97.44349050048179,97.8321312608077,98.50758240390027,99.4635705948262,100.69302186436448,102.18670220814784,103.93263089072639,105.91538360037453,108.11606253639832,110.51274503001832,113.08199702891329,115.80088889080446,118.64660481872909,121.59598442687422,124.6257989396131,127.71371789664795,130.839102113521,133.98235983452946,137.122467066029,140.23751703529558,143.305780085489,146.30534659809655,149.21431251959962,152.01180369080134,154.67818358881834,157.19557132447835,159.54796736570677,161.72087324150579,163.70124977140824,165.47770483043394,167.04056607562057,168.38219882496432,169.49598916644896,170.37681905734533,171.01947945323644,171.41885571605332,171.57014902163047,171.47103637480146,171.1223266839584,170.52694280094843,169.68939527149712,168.6148925925055,167.30954487211324,165.78206124099972,164.04375824276417,162.10738346406924,159.98610663609998,157.69290252678354,155.2400013703491,152.63891269175656,149.90098575234856,147.03799228871094,144.06248064447163,140.98855313049876,137.83314057913276,134.6173178835404,131.3663280044002,128.1096828441623,124.8805362633068,121.7145124572246,118.64857760086556,115.71968762292636,112.96342692894382,110.41267740857643,108.0966704988117,106.04105187594257,104.2678826989337,102.79594640942946,101.64050821404277,100.81351489251239,100.32421987801155,100.17835094340676,100.37706756644272,100.91683728910988,101.78941687529101,102.98269459627159,104.48089558155186,106.2652071863888,108.3148779207014,110.60785851262062,113.12056631496284,115.82885428721943,118.70711949080646,121.72921415799715,124.86807052444829,128.09516254777668,131.38037592444766,134.69219238053984,137.99847100696297,141.26760254935493,144.4694885047902,147.5751904278559,150.55579336450523,153.38272497346497,156.0284510877882,158.46770040973013,160.67804894195194,162.6411736356822,164.34467081652366,165.78238110638893,166.95288537753078,167.85765303901047,168.50044521298992,168.8857379208302,169.01739487585624,168.89930755502152,168.5351909307925,167.92963488535383,167.08929388633044,166.02075803565975,164.73056745008319,163.22737387100017,161.5227393734316,159.6306387473868,157.56570997256495,155.34119078514038,152.96825568238364,150.45666249657825,147.8157370036397,145.05568525355397,142.18831833027912,139.22722588084844,136.18778924128537,133.0877680226406,129.94942690524044,126.79919310794867,123.66691313267484,120.58411047598247,117.58190695090912,114.69057177307877,111.93854328668408,109.35141517945954,106.95294334443975,104.76543027423759,102.8098142138416,101.10586473094725,99.67248305894566,98.52636963719942,97.68048330820972,97.14395902984478,96.92300000282285,97.02180173531097,97.44265192992313,98.1852746697503,99.24550424861945,100.61499994576002,102.2797662480342,104.22014097177953,106.41290718158007,108.83343310934902,111.45681559323998,114.25713438969706,117.20834001336493,120.2848932401223,123.46087476517346,126.70983341547776,130.00491549137882,133.3195320710372,136.62867114555797,139.90723087148103,143.12876468170998,146.26734989900456,148.59312937969207,150.81040397107267,152.98892979826087,155.15566776005699,157.31625742375786,159.46876218035015,161.6092607381595,163.7337442532331,165.8386143696705,167.92079953519738,169.97770303858977,172.0071475138118,174.00730443809152,175.9766318646116,177.91384895053704,179.81791781614515,181.68803490311905,183.5236388265589,185.32442611887484,187.09036804301115,188.8217304872701,190.5190932308626,192.1833733124107,193.81584828913446
"(left_elbow,
                    left_shoulder,
                    left_hip)",183.03410588857963,181.5053976382915,179.96585440882308,178.4159957135462,176.85669606033196,175.28915297726172,173.71485602817356,172.13555728742853,170.55324297048256,168.9701055489992,167.38850927491146,165.81094872446744,164.2400032649089,162.67828721201002,161.12840049397016,159.59285518328278,158.0739782520866,156.5738159503486,155.0939140095336,153.63483112786628,152.19530532677408,150.7707148107987,149.3500575348924,147.9106589832831,146.41350177178907,145.12423007152924,143.8713647348419,142.66850459967705,141.53255996712798,140.483211923466,139.54109059632432,138.72668685034498,138.05964211785212,137.55799422079386,137.23606947296886,137.10391014304176,137.1676669851926,137.42971339631032,137.88852351353353,138.53833201796132,139.36883220451696,140.3648290838945,141.50539476995652,142.7635586386278,144.1075396887673,145.50225989618116,146.9113144394061,148.30021983716307,149.64262096310927,150.927748009411,152.16121973268747,153.363455956451,154.56179502395275,155.77928620474773,157.02742355168795,158.30505274304977,159.5999654226794,160.89029106663293,162.14628220654484,163.34063047746545,164.45291955373852,165.46899050088697,166.37993483165795,167.18122428299367,167.87326872451,168.4619530220673,168.954287807679,169.35123642521214,169.6460520315675,169.8359309089935,169.923648873994,169.9177441621839,169.8278720354486,169.66064032625502,169.4198419384643,169.10579300817787,168.71453803610527,168.23796887888162,167.66492363295282,166.98289719119396,166.18003422821155,165.2470348398237,164.17799019349982,162.97118606094296,161.63035967668557,160.16712371217716,158.60146254811832,156.9595191676954,155.27153050416203,153.5697876798784,151.8859691790831,150.24965720837415,148.6887244281567,147.22913992354327,145.89190623681836,144.69193123706617,143.63751702926507,142.73170591246586,141.97395066181846,141.3607987909092,140.88672327929663,140.54517145334168,140.32965139321954,140.23474777975338,140.25664675104002,140.39300428073585,140.64284384695546,141.0065577656785,141.48566934626385,142.0822399762711,142.79792939665163,143.6333638531523,144.58766646671094,145.65763621203797,146.83865145364067,148.1286935213525,149.5278339605914,151.02977888120466,152.61136217999808,154.23916456398646,155.87372706598302,157.47631722644618,159.01175658647875,160.4498239384133,161.7685405902139,162.95492660929892,164.00340989197153,164.91478049158906,165.69448412900914,166.35204392900567,166.9010188680948,167.35513490546458,167.7302355313679,168.0414852994129,168.30062095205926,168.51425432845608,168.68450694456914,168.8055769040176,168.86383406118995,168.84199328189567,168.72178967784407,168.4853554407527,168.1164927516089,167.6010609899053,166.9278506118318,166.08892523743384,165.07971993591866,163.899653182144,162.55351114884164,161.05090184826383,159.40659177959043,157.64105355403456,155.7807582032267,153.85784859701397,151.90854369579205,149.9699321735008,148.07821350821604,146.26543399749613,144.55842603207594,142.9780054508836,141.53874614853237,140.2485617241706,139.11058413896342,138.12482725707974,137.28936929465246,136.60135607825453,136.05789590027885,135.65715087508983,135.3990904531639,135.28583356001445,135.3212295866328,135.51037263145926,135.85912134037002,136.3735664149866,137.0602196695905,137.92554518476464,138.97429337697574,140.20718927280444,141.61855035529572,143.1954500952467,144.91900718748923,146.76054397300686,148.68487819053513,150.65274493454336,152.62458649624722,154.56275961272408,156.43523363214553,158.21467267363056,159.87694658885243,161.40217406087874,162.7754889132362,163.98745766717295,165.03152081024314,165.89656193552767,166.57404183254454,167.06530968970878,167.38516519502141,167.55717509396004,167.61009872558648,167.57212461990915,167.46531872150223,167.29971128664332,167.07339942449926,166.77597160973284,166.39409323040672,165.9139380074369,165.3218811739632,164.60475574571925,163.75138618350687,162.75397000568202,161.60841964941045,160.313584708207,158.87168696150962,157.28836953255524,155.57251706115193,153.73693882184546,151.79972543826432,149.78572296647036,147.72995688087627,145.67577756046592,143.66915139919337,141.75267813344863,139.96324392379177,138.32993147246907,136.87242639375347,135.60141022282892,134.5202831675856,133.62751087541199,132.91863695139136,132.38763666524585,132.02776317972388,131.83245383486832,131.79563260040402,131.91168812109376,132.17544758644783,132.58245336111457,133.12937629015954,133.8147819585016,134.63998633732328,135.60976142833476,136.73274714245667,138.02205003947267,139.4927467769961,141.1475973308066,142.97284832533546,144.9406926924447,147.0160009617441,149.15876772387276,151.32742444360167,153.48258185972134,155.58990962190524,157.61815195073092,159.53798218957894,161.32193700827375,162.94667066095062,164.3948857390702,165.65574690507592,166.72463560902787,167.60303123858128,168.29876886900382,168.82493647003372,169.1987746835154,169.44090941702038,169.57376910381635,169.61927328583783,169.5980829778657,169.52542819018393,169.40934806314175,169.25162267086088,169.04814894585814,168.7883159446153,168.45581636563787,168.03391787297332,167.50894248057392,166.87019724503668,166.10993702660497,165.22254210330703,164.2037265370926,163.050748893094,161.76310090345657,160.34275492694616,158.79439520426246,157.12554783868114,155.3464688294967,153.4694304320975,151.5083349617787,149.47830724222092,147.39597469212742,145.280392318258,143.1523880029697,141.0346266089757,138.950568395427,136.92360382317418,134.97742538873308,133.13490397959754,131.4174493646766,129.8448087663328,128.43439318701155,127.20072468998751,126.15489783839223,125.30437012276536,124.65389050990137,124.20632514448755,123.96333704067177,123.92595239555882,124.0949590547676,124.47092745838228,125.0541329367253,125.84399661312881,126.83848942139281,128.0331509491117,129.42008817991393,130.9870109592456,132.71580232154793,134.5827891764626,136.5629631261843,138.63087560650433,140.76244398604047,142.93650566193173,145.13442731298244,147.3371945016229,149.52261319580737,151.66652231568685,153.74490746014817,155.73462532410144,157.6142950073093,159.36590854822686,160.9754412274952,162.43290091459093,163.7323228070754,164.87159963567575,165.85331808213493,166.6848905355447,167.37670099555592,167.9398611701773,168.38953140926145,168.741168166509,169.011654521411,169.21675086019505,169.36854023846433,169.4751708549833,169.5388870752091,169.55367021368355,169.5066995588407,169.38029586054492,169.1548205026859,168.81184373210377,168.33571187059275,167.7137687375579,166.93587788028086,165.9934098167596,164.87935991375366,163.58917859043157,162.12197874771357,160.4810315040129,158.67380586936554,156.71184481860132,154.6113935453061,152.39451874791507,150.08932687901176,147.72888328024317,145.3513052255788,142.9985939904966,140.71335657546888,138.5343870281847,136.4964341574223,134.62741416664426,132.94743537131262,131.46971840192714,130.20161756885045,129.1458503656321,128.30144849927774,127.66527404687827,127.23355131436148,127.00242121516796,126.96821615116205,127.12802291323857,127.48058743330924,128.02648856612933,128.76763722322676,129.7063438357278,130.84506409141136,132.1857735639478,133.72723548531462,135.45997901842873,137.36861976942419,139.42916476326127,141.61221144511114,143.88405910554889,146.20898060056516,148.5509671021282,150.87588533955898,153.15200763986343,155.34902755236385,157.43733275507554,159.38872025235418,161.17847339584904,162.78746358269024,164.20361314475426,165.42090490673365,166.43524698543553,167.2463470718094,167.86048704439605,168.29312902433475,168.56975476708834,168.72216618640584,168.7813388330949,168.77109896421052,168.70725686716543,168.59689817281279,168.438457975512,168.22386561190672,167.94042719612827,167.57299857376464,167.10605624120114,166.52680400525944,165.82461250817943,164.9905042771333,164.01642578936202,162.89466442279257,161.61841055178957,160.1825789021393,158.5850284951132,156.82684619190252,154.9123010148918,152.85008326072762,150.6537944562332,148.3440357784159,145.94721050954058,143.49442423662276,141.0204509873481,138.56100351113128,136.1524779629974,133.83166826476304,131.63322376882934,129.58888028758952,127.7260195290653,126.06694598679996,124.62862637204398,123.42186015743766,122.45167637895167,121.71848907064827,121.21966600367318,120.95093222543309,120.90747801699538,121.08488175188745,121.47979105762104,122.09068385139744,122.91968710311733,123.97240006674326,125.25127922302181,126.7526161237862,128.46506815982752,130.37085385619685,132.44942129081187,134.68027920050872,137.04314997175106,139.51471199515345,142.06788612216906,144.672413863967,147.29529455450347,149.90301237960807,152.46132154352904,154.93513022703542,157.2918988915643,158.7052588954956,160.03919838202012,161.33902143208684,162.62022394746316,163.8849478275797,165.13140202665448,166.35730043238158,167.56080997012674,168.74063765601124,169.89590977621987,171.02606015448202,172.13074379828697,173.2097765338708,174.2631046962262,175.2907796400214,176.29295181172336,177.2698769508596,178.22192058848293,179.1495664444913,180.0534190689463,180.93421176953046,181.79280875023943,182.63021495847096,183.44758320243614
"(left_shoulder,
                    left_hip,
                    left_knee)",185.13397034568425,182.92838358665122,180.7221445547675,178.51744934064666,176.3170470781918,174.1241885593708,171.94257443688588,169.77629882642782,167.6297903646776,165.50773489896437,163.41499828180073,161.35654302971085,159.33732778907756,157.362194883195,155.43574025353928,153.56210619152543,151.7446707737515,149.98559325993998,148.2851427227506,146.64068381192158,145.04513616031122,143.48476425343517,141.9366395596603,140.3681877230078,138.7461858630774,138.33144849657668,138.01754052031856,137.7932881531536,137.65679293187856,137.61547231616314,137.68438411131623,137.88353989620293,138.2357790940052,138.76484333588448,139.492107567007,140.43416316455932,141.6010239714056,142.99487526189213,144.60907044145281,146.42693963673906,148.4211737122808,150.55385361993774,152.77724121387772,155.03527891104486,157.26580172626439,159.40389657493006,161.38673267479578,163.1599717005526,164.68514214686456,165.94615809355918,166.94951007896242,167.72270447368925,168.30611358132907,168.7420658447281,169.0681820857391,169.31624712129636,169.51320260001881,169.67963322958212,169.82468266290763,169.9495036159055,170.05020903117577,170.1207010954296,170.1546221693733,170.14555654036175,170.0862669648033,169.96644910365922,169.76873403299604,169.46431507219313,169.01451567924613,168.38720756873312,167.56170877244105,166.53259980915035,165.31050410750095,163.92066027800678,162.39786208341184,160.78303479626186,159.11959765167634,157.45009997136384,155.8131020016274,154.2413654926701,152.76104256598515,151.3910821507717,150.14335834807358,149.0235654474302,148.03244123829853,147.16655852083002,146.41882073964717,145.7793158204973,145.23605192076934,144.77585735893075,144.38605800145004,144.05674546201539,143.78393230511787,143.57202203149419,143.43150638860894,143.37783659712653,143.42931758447494,143.60465311687483,143.9207879959329,144.39177872784086,145.02718186331992,145.83091756545232,146.80048311251434,147.92619201222806,149.19090778911365,150.57062436803176,152.03578325041707,153.55276510260643,155.08446313814028,156.5911905572057,158.0316489422138,159.3657526224294,160.5589974271449,161.58784241760293,162.44521331981093,163.14344516309166,163.71174355548803,164.1860653512702,164.59532480046013,164.9641080654185,165.31083019961045,165.64764378217245,165.98132353280891,166.31417950328608,166.6411516174424,166.95150989435245,167.2324675543358,167.4716122266319,167.65783534955438,167.78152432065792,167.83101497178708,167.78853729751089,167.63676750254257,167.36054673848056,166.95173586632006,166.41130848410884,165.74848036594358,164.9810252397077,164.1328276254854,163.2298458074258,162.29772500965427,161.35990519323224,160.43667703833754,159.54504903376207,158.6982990026303,157.90620395221126,157.17520587198723,156.50832956403406,155.90518517963324,155.36306454685644,154.87791674983896,154.444960088835,154.05867874872277,153.7128313324954,153.4006578087835,153.11689273882533,152.86036029980932,152.63407091350805,152.44483088574546,152.3020754460528,152.2166801265492,152.20069255220025,152.26566167797813,152.42115076838704,152.6738909516202,153.02711553147304,153.48002396334093,154.02720412212932,154.6585121706705,155.35967932007128,156.11330756961905,156.90025198651168,157.70125818779218,158.49859344281296,159.27500690420993,160.01292219625554,160.69585410359528,161.31155396793912,161.85509694928203,162.33212268556863,162.75686109616618,163.14345277139188,163.50592200303407,163.85467946097654,164.19597159654938,164.53207507580328,164.86031417870026,165.1749084888839,165.4696772679934,165.73853051262256,165.97550041196106,166.1744614767243,166.32458623353,166.39803961540835,166.3593928115349,166.1765364671388,165.82833221645697,165.30541206801345,164.60777363950544,163.74396272578136,162.73180765807854,161.59913797191632,160.38084130739907,159.11484700086515,157.83743262901896,156.58027645539886,155.36898661700434,154.22325727396787,153.15688600602908,152.1779348440441,151.28896982038327,150.48870620623433,149.77314326615272,149.13593669957305,148.5688551326748,148.06237961236613,147.60638225615244,147.19231025702635,146.81672684708394,146.48010408665107,146.1862221419276,145.94228556648306,145.7584563631657,145.64758009120706,145.62456863340282,145.7047160959556,145.90137658745354,146.22390846425014,146.67628403433116,147.25657337753978,147.95692169221462,148.76404048991807,149.6599764929995,150.62307190527594,151.62878644063204,152.65022354829767,153.65892637232685,154.62548420708288,155.5220249559309,156.32622304067047,157.0262913184351,157.62688943549955,158.1506349508174,158.620146593997,159.05317090504215,159.463296924515,159.86305787562978,160.26410914144415,160.67454612736012,161.09678328087804,161.52749060886978,161.96040579006598,162.38783243366947,162.80209738032863,163.19583532711047,163.56188048759157,163.89281588703204,164.18103767707822,164.4195670083255,164.6025610781004,164.7257816276038,164.786379896957,164.7825030483173,164.71328152007027,164.57834603159895,164.37530135326145,164.10217983185072,163.76014237380508,163.35461212897985,162.89477788834398,162.3930175286048,161.86353515060412,161.31931013571176,160.76944785334496,160.21903459266343,159.66976159314166,159.12051678624596,158.5688935887565,158.012365647649,157.44903336982463,156.87792450836704,156.29912922383187,155.7139164945571,155.12462627349666,154.53454552597108,153.9472528225267,153.36640073298756,152.79534623696753,152.23698349402494,151.69492606389184,151.17547715182513,150.68712436969503,150.23903970533797,149.83898499820236,149.49311156686844,149.20593347309403,148.98006932892685,148.81600383279996,148.71256765787916,148.66823744407787,148.68207580843983,148.75373239505387,148.8827152130875,149.06812911789078,149.3087164816971,149.603045569759,149.9493245618806,150.34494797879205,150.78668773377873,151.27093727270312,151.7945871138511,152.3556072944672,152.95340440057495,153.58971419294994,154.2684569721373,154.9909698833946,155.754593741759,156.5516786255857,157.36979809103156,158.19351432002924,159.00763339638905,159.799742876911,160.56071303317668,161.2835361996694,161.96255545754383,162.59283000104435,163.16882157538817,163.6842531033952,164.1326066995136,164.50752740725176,164.80335565625003,165.01450627419584,165.1350986282816,165.1574756082245,165.06717152725736,164.8500033624484,164.49388276879134,163.99398718321456,163.35296960753382,162.5791727523625,161.6863532924147,160.6937602346236,159.62575232800566,158.50940498303896,157.37241811372832,156.24141254234718,155.14026409127217,154.08847881128224,153.10019044847627,152.18448768782218,151.34668646180666,150.58903932996742,149.9109899180405,149.309310102898,148.77869673671353,148.31236076543712,147.90276963329526,147.54214517763202,147.22324423426116,146.94198068668248,146.6975501123865,146.49214434706698,146.32809170682094,146.20845671691023,146.13865407678105,146.12485764856942,146.1746125202161,146.29560684954174,146.4940387228367,146.774224313159,147.1378005813816,147.58291579390539,148.10398565138038,148.69177748753256,149.3337514351851,150.01449755526755,150.71615160043567,151.4191142939719,152.10368066340197,152.7522788515482,153.35242581614713,153.89877269084732,154.39485681696843,154.8531179812793,155.2852831858549,155.7023774113816,156.11147376490504,156.51820828330168,156.928145277459,157.34532152218065,157.77168452312415,158.20624757584142,158.64528333188292,159.08340051583457,159.51418398021522,159.93031668425274,160.32394322607576,160.6862812033931,161.00713963131196,161.27266268021228,161.45910472806818,161.53830548251753,161.4834084321991,161.2729515396749,160.89420538066824,160.34392655309895,159.6291163374351,158.76678391980283,157.7806336054249,156.6982887707744,155.55023337870364,154.36800781811723,153.17996513924197,152.00798767043386,150.86797581468227,149.76783448464892,148.70667547045264,147.67085467989023,146.63813164380383,145.5865535224699,144.49972942180113,143.36826123249307,142.1894986672943,140.96834604803405,139.7176384496638,138.4588089787049,137.21941343406593,136.0294829497675,134.9180647878486,133.9105348112539,133.02815633375644,132.2885233629279,131.70461927446206,131.28351878004474,131.02697104529256,130.93155761730412,130.9892370752242,131.18790522911962,131.511951214918,131.94384745058642,132.4647616056809,133.05536378218744,133.69807069095606,134.3781570681736,135.0838447474224,135.80673574918356,136.54370229559902,137.29915250956972,138.08685550084255,138.92974996620865,139.84951692594382,140.8627310695711,141.97903279802222,143.1998666723947,144.51930601101594,145.92386650772357,147.393350884161,148.90351909838478,150.42736328170565,151.93613088191967,153.40150640158242,154.79818916867873,156.10675189880135,157.31478015607985,158.41823325477736,159.15252742791847,159.84647762738086,160.52792910579603,161.2077093569167,161.88807982767233,162.5681948541889,163.24634993080755,163.92075804406858,164.58976569503366,165.25189659387584,165.90583879040346,166.5504182673262,167.1846000378595,167.80749819888132,168.4183632031006,169.01657338826843,169.60162878926465,170.17315280275642,170.73090467247783,171.27478075121678,171.80481875815292,172.32119786554136,172.82424536496842,173.3144452404659
"(nose,
                    left_hip,
                    left_ankle)",176.36099522047,175.8318398760092,175.30240448036818,174.77297462685303,174.24390373255508,173.7156170349592,173.18860694215084,172.6634256622645,172.1406785178396,171.62102623018205,171.1051812362237,170.59390139056146,170.08798395259765,169.5882442772102,169.09547882578588,168.61042965811205,168.1337368020734,167.66587508124394,167.2070661039055,166.757165304892,166.31545494347068,165.88035021134792,165.44907401295472,165.0175895631916,164.58164158634924,164.3232776258431,164.0800061238257,163.84926042161527,163.63108940689185,163.42830604409164,163.24585203889683,163.09014108139766,162.96852309012024,162.88865847289472,162.85756808552296,162.88098864800207,162.96298391694984,163.1055693092054,163.30855315659423,163.56955415893665,163.88408764195165,164.2458265845087,164.64681699501332,165.0777559507422,165.52810160835543,165.9865903791181,166.44189058853038,166.8833528173017,167.3020146746982,167.69193258512277,168.05128794616525,168.38336680701198,168.69632606545272,168.9990149252967,169.2985648024748,169.60056457597562,169.90894213633285,170.22529472981935,170.5485636452409,170.8758431673349,171.2029705239177,171.5250754842152,171.83690348283466,172.1328672859557,172.4071302708038,172.6532934497749,172.86371575104206,173.0295949775379,173.14137875304397,173.19166359847898,173.17608423570542,173.09364969682358,172.94706504015966,172.7423928433904,172.48783319484934,172.19245471724008,171.86538550120508,171.51554605998777,171.1512727547686,170.7800030012766,170.4082425937278,170.04150656927334,169.68424043567177,169.3398322837788,169.01068180888842,168.6981771955247,168.4027700804001,168.12419159587486,167.8616415658943,167.6138525521071,167.3792633977911,167.15655579359847,166.94519569630737,166.7459823035726,166.56101216741595,166.39386834774606,166.24941660974272,166.13322841432182,166.0509714685756,166.00788463879886,166.00823594625703,166.05494952931636,166.14937101312287,166.29107571355763,166.47784556765822,166.7055339490014,166.968119719927,167.25807924627694,167.5667831663288,167.88483312831744,168.2027065121833,168.51166909610453,168.80451598116056,169.07621959453135,169.32465928627485,169.55079876309296,169.75783567936602,169.95003114319522,170.130647789971,170.3026448201989,170.4686379614176,170.63067088420772,170.79028674050278,170.94823805679025,171.10393481786127,171.2556402875102,171.40101530006828,171.53746591287793,171.66214067666317,171.7717385352522,171.8620117608277,171.9273632911766,171.9614259583438,171.9579546077767,171.91209633010791,171.82083106379466,171.68363713075027,171.50380919321486,171.28821289101643,171.0461432704909,170.7880598747099,170.52438029070447,170.26458800090523,170.0165216912252,169.7860131173872,169.57701724462203,169.3917603187468,169.23088104809906,169.09365158547573,168.9783499275028,168.88256294014585,168.80347185628494,168.7382229132196,168.68403783365503,168.6383521265847,168.59902153354307,168.56455651376046,168.53420625499066,168.50806128463262,168.48701204762025,168.47285409686958,168.46854289428828,168.4775959438788,168.50351605139656,168.5492605302798,168.61674903720277,168.70660963837736,168.81795746558464,168.9482713315578,169.09344179843524,169.24818554967752,169.40668717403972,169.5631218471416,169.7119749932482,169.84792656127047,169.96612515253412,170.06269747736405,170.13532784368675,170.18385760530407,170.21069476390338,170.22058599530618,170.2195619401714,170.21416213061627,170.21062599097908,170.2145818450048,170.23005225538893,170.2584625206438,170.299264930461,170.35055873082533,170.40942721279728,170.4721950571352,170.53454569266722,170.5907677416319,170.63161792306354,170.6466800831962,170.62629801417387,170.56271640307395,170.45054265003145,170.28672527781316,170.07096871146456,169.80595982087095,169.4977758524352,169.15518062261512,168.78861364610768,168.4090639399926,168.02724077703445,167.65282899915547,167.29378932307154,166.95590697610226,166.64251933623473,166.3545196771766,166.0911058799595,165.85047101746477,165.63032727852345,165.42825093816498,165.24198717869544,165.0698084157567,164.9109091725811,164.7657038206141,164.63499559585497,164.52009645269908,164.42315175797057,164.34677547419383,164.29409059344482,164.26887492368695,164.27569718623923,164.3195575289841,164.40499098140447,164.53530785678916,164.71200432803886,164.93443607480958,165.1997294853407,165.5027317222221,165.83621915505017,166.19134156701,166.55819730432756,166.92640078496515,167.28558324929026,167.62610639005266,167.94013832541887,168.22276018393322,168.4731667104897,168.6950245132655,168.8930654910074,169.07266917369105,169.23975572167183,169.40047508925787,169.5607982873027,169.72549732211044,169.89757324261097,170.07806778611504,170.26686110720573,170.46302679146703,170.66503367696748,170.8707534235265,171.07745039721345,171.28180642164534,171.4800131996779,171.66785430381617,171.84080670699188,171.99408991898684,172.1228006091968,172.22239885300584,172.28907664992124,172.3197340409224,172.3116340041965,172.26323209252865,172.17469106853463,172.04800757189963,171.88676100478764,171.69612177631706,171.48272799474117,171.253700875558,171.01571989167354,170.77453599945454,170.5348574460159,170.30069325749537,170.0753600662223,169.86139669613107,169.66060375600944,169.47414729710232,169.30270848949243,169.14655606204747,169.005740821769,168.88035347994887,168.77066811729526,168.6771739049424,168.60044408496483,168.5409815074761,168.49923770780333,168.4755508388976,168.47029406901595,168.48390976581015,168.51647457720807,168.567410301894,168.63526056000626,168.71750264453067,168.81064771695242,168.910743195551,169.01397713637562,169.11710415206852,169.21741434561778,169.3126864826244,169.40119642259316,169.48167407974137,169.55311053915403,169.6147614872742,169.66613739504078,169.7069069330983,169.73693983863876,169.756328375438,169.76538261078184,169.76486376860444,169.7564601352313,169.74290520093385,169.72715007203806,169.7121550598158,169.70035711994552,169.69328281798042,169.69164456695037,169.69571839179622,169.70563153346546,169.72154623806705,169.74364941526815,169.7720809290776,169.80677532552352,169.84689179158465,169.88983893077182,169.93178593413262,169.96816825369046,169.9943611768762,170.00592870415676,169.99953848942212,169.97313995126586,169.9248536715311,169.8532776569163,169.75722795655082,169.63588910711835,169.48877604880755,169.31615848415532,169.11932270789887,168.90108602276882,168.66609053551682,168.42042112071334,168.1709063449345,167.92437148411847,167.68687396771776,167.4630397404996,167.25588958917092,167.0671391707477,166.89755474704748,166.74714728508175,166.61568050681535,166.50301604425982,166.40941120350098,166.33552073678374,166.28248179068132,166.25169912887063,166.2445873351043,166.26256832229186,166.3068455350402,166.37820789129063,166.47641226196617,166.60041954396712,166.7486615766386,166.91843942244475,167.10612537574,167.30753365448538,167.51816901245166,167.7335702946341,167.94949399980578,168.16204869777175,168.3677484646276,168.5636355232302,168.7476823340151,168.91929298883335,169.0792713064869,169.22856315299632,169.3680032596416,169.49811763516914,169.61922445575078,169.73124838923542,169.8344763200189,169.93042427709636,170.0208661611012,170.10780084857944,170.19316306412605,170.27879454386135,170.36591432725632,170.45465600598618,170.54434953817034,170.63370968835324,170.7209699061687,170.80410954581384,170.88108311411935,170.94975615603215,171.00815861355082,171.05466975643884,171.08844456110947,171.10935817251422,171.11672372020297,171.10942068665997,171.08570357615577,171.0430217948575,170.97828489213163,170.88855826629478,170.77169605626892,170.62671726143074,170.45372934731245,170.2538045730612,170.0292458348455,169.78351071175143,169.52032822904468,169.24335012790442,168.9565438092462,168.6637425708065,168.36851736969936,168.07416529271555,167.7838362955393,167.5008728982035,167.2289380868613,166.97204786289336,166.7343988354058,166.520020591312,166.33263294394771,166.17574412947863,166.05235989150074,165.96473829900197,165.91427512909738,165.90153758400777,165.92632046209673,165.98772351271901,166.08393576427653,166.21193560460358,166.36768830374282,166.5461795793655,166.74193993237625,166.9497143697708,167.16501324820553,167.3845833776234,167.60637288828735,167.8292520010348,168.05280156253212,168.27686116371274,168.50119637856528,168.72499792690485,168.94680586985558,169.16463105206395,169.3767321379524,169.5824786200596,169.78160827143057,169.97439443455193,170.1616256240028,170.34412134172726,170.52202600857925,170.69459470244112,170.86040377165438,171.01793336237898,171.16605462888282,171.3042837715152,171.43316045480478,171.55440007735103,171.67057053537195,171.7845388725636,171.8990080363803,172.047107641938,172.1949407685093,172.3427174963005,172.49088534822778,172.63980094568552,172.78968251246167,172.9406417246197,173.09272618478576,173.245940889138,173.40026944709228,173.5556803274684,173.7121307173291,173.8695588595599,174.0278770841428,174.18697640516916,174.34673823401312,174.50704527964007,174.6677898327314,174.8288797236814,174.9902326722935,175.1517771655524,175.31344545326772,175.47517828406873,175.63692959574303
"(left_hip,
                    left_knee,
                    left_ankle)",177.05396584727666,176.88398361153375,176.71486132504953,176.54670260511196,176.3796257985475,176.21378258875038,176.0493663114501,175.8866159164907,175.72581352897072,175.56727104557254,175.4113128357028,175.2582610276819,175.1084217116216,174.96207533667356,174.8194804558925,174.68086281551905,174.5463911915617,174.41614237242115,174.29005645377393,174.16789861968502,174.04922263432567,173.93331800666326,173.8192223504435,173.70600812461564,173.59357531847178,173.6088335760009,173.64414192337992,173.69766727531604,173.7671329528893,173.85015085518094,173.94441755815768,174.0479508367921,174.159006629962,174.27581878252533,174.39645251054466,174.51893404451368,174.6414620057766,174.76240130627653,174.88027512547072,174.993535381271,175.10057246537724,175.19971268775828,175.28929393068918,175.36793001813845,175.4344679668698,175.48776036234176,175.526671315046,175.5503562824513,175.55858845043906,175.55194159795272,175.53086244153997,175.495250042495,175.44430244217153,175.37787985963072,175.29748188479326,175.20627200788294,175.10788638611294,175.0049653238593,174.8976506947021,174.78383877275004,174.65917173205784,174.51798768771943,174.35461679894146,174.16442437452937,173.94399486460725,173.69113516623707,173.40442077427076,173.08245312471237,172.72391008544741,172.32795823874727,171.89469347277213,171.42634260338338,170.92850332369866,170.41053952521722,169.8839167018964,169.36073703302606,168.85223694561552,168.36783596413727,167.9143204094441,167.4959594929742,167.11477821300187,166.77075831186477,166.46218293469028,166.18632934849754,165.9401392544537,165.7209259856999,165.5267097336939,165.3562765516761,165.2091734428726,165.0856136716196,164.98641977725578,164.9130308139562,164.8676168769075,164.85348509616662,164.87520850368034,164.9384207942163,165.0487686984939,165.21055598243214,165.42567663536335,165.69317987286976,166.0091144610012,166.36695969023978,166.75795455938803,167.1711811698624,167.594058353545,168.0133236654422,168.41654224539383,168.79335026278488,169.13527873316272,169.43573419475254,169.68907596690056,169.89056281154524,170.03684490903697,170.1268540851911,170.1624457072665,170.1487755211327,170.0940926155587,170.00860164798317,169.903356874256,169.78899796593885,169.67395380837505,169.5634542478625,169.46012069915383,169.3646890195112,169.2741504019867,169.1823083945919,169.08183304484413,168.966001187732,168.82994814302174,168.67149646678848,168.4901295346916,168.2853305209687,168.05745752772495,167.80786450016566,167.53943012599,167.2571346097281,166.96780075911437,166.6798053345801,166.4021196038711,166.14307785894528,165.9098513325879,165.70809163592804,165.54155348893778,165.4121045410706,165.31986751789353,165.26355665979625,165.2405199893196,165.24666822263293,165.2767997589451,165.32554813866935,165.38816147323487,165.46106938007438,165.54189849273158,165.62892268314533,165.7207200629668,165.81638061258724,165.916222997967,166.02214024449887,166.13732841663187,166.26571971710848,166.41130669085962,166.577628796159,166.76694228243923,166.97955902143693,167.2136160897342,167.46504897279178,167.7277753447433,167.99377452344933,168.25341703612057,168.49626360892836,168.71256961562614,168.89473155802284,169.0384063519897,169.14341458819976,169.21175100178974,169.24563732483915,169.24697585352203,169.21757640088526,169.15975517085582,169.07777255713876,168.97783538055057,168.8658961667927,168.74713097462342,168.62516533207764,168.5014927073,168.37509335067313,168.24243575222795,168.0984304651549,167.93802717372546,167.75697796572894,167.55223682876337,167.32208707464974,167.0664037514265,166.78576750937708,166.48104876885597,166.1533502150088,165.80408946834575,165.4353578860182,165.05008726195138,164.65188051013536,164.24531738519642,163.8364357809071,163.43253916368997,163.04131059348927,162.6695063938439,162.321477064475,161.99855066826467,161.6996702730982,161.42209858576658,161.1618822896806,160.91445444577627,160.67565709479004,160.44241531606534,160.2128175587198,159.9860804591257,159.76263716166375,159.5444261337788,159.3352314740474,159.140314336449,158.96537281850127,158.81628855083937,158.699082188825,158.6193132306427,158.5814134807523,158.58842841138616,158.64199050201057,158.74186438287268,158.88548132752823,159.06769521067503,159.28124688157087,159.51790500415805,159.769639997038,160.02933856569922,160.2916150183481,160.5533528805209,160.81318284377193,161.070796960269,161.3258812786517,161.57781282132228,161.82599379191853,162.07012596191475,162.31038892733886,162.54825892171036,162.7860995528973,163.02656960903113,163.27202164833326,163.52397460695028,163.78283275796724,164.04768502501307,164.31575865372193,164.58212264034674,164.84035125388004,165.08295569220758,165.30242477232838,165.49199277465095,165.64579200994814,165.7589716536569,165.82824989694845,165.85321043731153,165.83654857017552,165.78360743409314,165.70132603851175,165.59720178829974,165.47862418762037,165.35265537382128,165.22523201999292,165.1007964524508,164.98289169607008,164.874599925131,164.77829738464402,164.69549783144862,164.6266033973624,164.5702779652843,164.52250790245807,164.4768997410504,164.42551282544065,164.35924467982522,164.2691482930143,164.14745778125314,163.98814554136513,163.78743358049482,163.54405281285196,163.2591674108097,162.93600473564595,162.5794421580283,162.1952839065445,161.7898180891512,161.36948772938945,160.94092894717267,160.51178203847888,160.0922435057516,159.69382058516496,159.32763079125473,159.0031293377477,158.7272308139114,158.5038437119554,158.3335489138804,158.21396156331048,158.14050339400748,158.1076474246159,158.11008622959778,158.14373007845595,158.2055931996013,158.29369015474433,158.4071522320748,158.54609615637494,158.71133537858006,158.9037784070166,159.12466652674206,159.37540595354872,159.6573426185288,159.9713989295962,160.31751754089265,160.69448551399313,161.10001666573214,161.52967998034052,161.97618967849994,162.42934813087237,162.87667993624478,163.30463481873574,163.70007844344315,164.051844290403,164.35129203570287,164.59147576688235,164.76708376232665,164.87433567928016,164.9099716715749,164.8708269100494,164.75471807208282,164.56094651270854,164.29110495437436,163.94941450390385,163.54275058241456,163.08054808117123,162.57389304925505,162.03580400231644,161.48078267553322,160.92430895823338,160.38086982053412,159.8618916112375,159.37671958406477,158.9328191007781,158.53572631239027,158.18927274560397,157.89566779316644,157.65567147510137,157.46861444309945,157.33227660282222,157.24275345765955,157.19466125685366,157.18194155501962,157.19853052903915,157.23870627886907,157.29704836604992,157.36865699995985,157.44932864581847,157.53579366485891,157.62589946268753,157.71873867316293,157.8150834000702,157.91763101473722,158.03068250308675,158.159164291063,158.30859396547547,158.4847909003679,158.69259264053142,158.93491249693722,159.21170528946675,159.51961292849808,159.85260539202642,160.20264435605955,160.56029539254274,160.91571680197077,161.2595120942275,161.5838385661375,161.88305141366163,162.1537533896976,162.3943178808289,162.6048386770661,162.7869488435198,162.94411732186668,163.0815853954195,163.20587399161383,163.32398252655997,163.44139789175017,163.5613426243292,163.68467452117585,163.8109562741691,163.9388084237213,164.06510667399584,164.1854901777027,164.2944625578728,164.3854497831959,164.4508372736702,164.4823484180495,164.4716279252083,164.41164825269644,164.2974323033252,164.12630376991928,163.89763033553191,163.61218945174622,163.2719998261916,162.88010796647615,162.4413097415169,161.96335286378633,161.45680489881778,160.93446602983113,160.4100376659709,159.89648680140098,159.40467933929338,158.94298576816104,158.51691314926975,158.12801366617322,157.7732242967094,157.44613692130338,157.13704262794965,156.8315632118093,156.5062754176879,156.13277443481178,155.68591155517612,155.14858530143687,154.512735029902,153.77864547341593,152.9552440730615,152.05950076214356,151.1146718247062,150.1475156459491,149.18555493935332,148.2543138353069,147.37506733220192,146.5649390463605,145.83773612443804,145.20445494663846,144.67246433312852,144.24551406260696,143.9233097657817,143.70168513317304,143.57364475780497,143.53026277860639,143.5613938207867,143.6569159461322,143.8081977980365,144.01050034271057,144.26328992645884,144.56924167311874,144.93305786519116,145.36129368486885,145.86227212432942,146.4454295748518,147.12062395270175,147.89675555877676,148.78017688493367,149.77259032306347,150.86996129637078,152.06313323612744,153.33782452236233,154.67476286395208,156.05001200026982,157.43581393206443,158.80197763188602,160.1179735938984,161.35592124966672,162.4932038218176,163.51376706277884,164.4103471581231,164.84133362262816,165.25159957081888,165.65448026621954,166.05338064530756,166.44774104985794,166.83611211789318,167.21716413396194,167.5899027990206,167.95363713437678,168.30791212834518,168.65244544016176,168.9870839851084,169.3117855256752,169.62660324131485,169.93165822451965,170.22712561065956,170.51323110167382,170.79025190058286,171.05852093409126,171.31841677712399,171.57035550528326,171.81477313460778,172.05212604196626,172.28289396423415
"(left_elbow,
                    nose,
                    right_elbow)",179.87442029805544,178.7623240965957,177.6292824839023,176.47490556418416,175.29921442174862,174.10257398512374,172.88562565545445,171.64917657280242,170.39414741270002,169.1215347302538,167.8323502843192,166.5275488298537,165.2079431427195,163.87411201151275,162.52636152677098,161.1647596719846,159.78915293007725,158.3992287550052,156.99449004928584,155.5739388723277,154.13550243959864,152.67409079519337,151.1769849398886,149.61428871230112,147.9272730988694,145.80560402376074,143.70212426821496,141.6590000670768,139.71383097799912,137.8972241891551,136.23299257091207,134.7388551737639,133.42721477466276,132.305523958358,131.37690217798348,130.64025085093337,130.09193509609293,129.72780299558428,129.54304555731264,129.5323780254839,129.69093335915085,130.01488245934908,130.50070144124203,131.14415634338457,131.94179656215795,132.89124203818227,133.99275671258522,135.24984506897516,136.66737554047813,138.24746694163633,139.9851910341003,141.86532293435633,143.86158345074975,145.94151606823308,148.07212660266228,150.22141958726385,152.35945060736591,154.45855567698942,156.49273413705043,158.4392174235174,160.27948215858365,161.99856985850357,163.58555300924627,165.0335091633189,166.33885248496938,167.4991159196767,168.5138540578976,169.38708563262162,170.12756432976113,170.7437798362291,171.24064110725237,171.61801360269305,171.87026074114627,171.98659958593123,171.95371557548935,171.75802596936424,171.38785156648865,170.83295062564608,170.0845183724388,169.13511010605143,167.9802191609711,166.6196304671122,165.05714715851624,163.3003658307648,161.3620318917281,159.2603914787679,157.01963316966257,154.67009667051485,152.24593696059748,149.78324920150504,147.3200811339304,144.89560619265046,142.5480215217816,140.3101408840318,138.20826566157132,136.26219619964132,134.48590888877578,132.88925033910292,131.4788815299965,130.25887000682332,129.23172926905576,128.40014286672425,127.76839528028951,127.34293246033025,127.13156844333795,127.14153013308476,127.37989199452744,127.85356990035247,128.5665906949109,129.519977003612,130.7108572244427,132.13166623242586,133.77078167918683,135.61279217681607,137.63823141636834,139.82049342563388,142.12459926991488,144.51037998385507,146.9377425637557,149.36765962247827,151.76412797216466,154.0945073423091,156.32900596790614,158.44125005751704,160.40870422339808,162.21327174044893,163.84390007810083,165.29760904475987,166.57806868270887,167.69397241250033,168.6567081878259,169.47965938412693,170.17818838852003,170.76461829085716,171.24550831385844,171.62265810939698,171.89519805512916,172.05640841771444,172.0925366686806,171.98494064773274,171.71202620439283,171.25238064257465,170.58829379591816,169.70641458311695,168.5989024252379,167.26319017802484,165.70166488371086,163.92214698122675,161.9372371776658,159.76313287330942,157.41881206476722,154.9260881877451,152.31041988976108,149.6015591102651,146.83266700405989,144.03828521976288,141.2548137459554,138.52001044497592,135.87149463174774,133.34620065096863,130.97871699957363,128.79710947875543,126.82269822822866,125.07066719642131,123.55197736365932,122.27528078815226,121.24763347197569,120.47424245567447,119.9585791837787,119.70305258188291,119.7108400434532,119.98575074636952,120.53169901485437,121.35265872289514,122.44990858767153,123.81823747685866,125.44680370029562,127.32002592278178,129.41780989672884,131.71570302684745,134.18385157971147,136.78736663673232,139.48927618847773,142.24966628402376,145.02592088935177,147.77569708821255,150.46255251784538,153.05483497177278,155.5231514434637,157.84161745796882,159.98727327892806,161.94105072105032,163.688256894635,165.21774658195156,166.5259391590503,167.61805210647694,168.5039502203484,169.19596784437206,169.70872244551757,170.05695192844502,170.25317298674838,170.30387715953438,170.21119432983045,169.97496818076365,169.59470647497474,169.06887014615944,168.39261250985135,167.55860658954967,166.5596319819708,165.39085274411354,164.05158026361715,162.54400343011025,160.87270096984997,159.04357422986772,157.0647536069797,154.94931642577882,152.71681690220288,150.39208825097,148.005128274007,145.59094068281547,143.1868128574912,140.8298890313157,138.55706626419294,136.40386647626895,134.4004841341433,132.56959984006733,130.9263040656523,129.47998940106908,128.2355912251037,127.19631405597335,126.3651723762299,125.74664778840864,125.34572950227283,125.16593320160123,125.20906644959294,125.4757136634797,125.96669350049993,126.6834553546893,127.62660638054882,128.79595797815324,130.18873729902697,131.7972941897654,133.60796702096047,135.59841690016435,137.74065092512456,140.0057213648288,142.36386449662837,144.78298425837966,147.22922440013826,149.66818168528926,152.0662004143358,154.3884657692808,156.60109424901685,158.67382012857513,160.58222036485444,162.30975969142474,163.84584127359102,165.1835457939981,166.3195464398835,167.25528475564028,167.99669694161057,168.55403802200266,168.94102145395544,169.1722372805682,169.26179305107763,169.2232300061669,169.067143097077,168.8001632315933,168.42460163431667,167.93820569926396,167.3360983480919,166.61163566989225,165.7589810489802,164.77535025009757,163.65953213540035,162.41233335540397,161.03543435447529,159.53119130667454,157.9017576144355,156.15011184860873,154.28110919668592,152.30164699883312,150.2204831144627,148.04789646942277,145.7951849089617,143.47410977751417,141.09652900453568,138.6742211263869,136.21953468397965,133.74810697451596,131.28127116408746,128.84249115159446,126.4547166422683,124.14079081463285,121.92412503593494,119.82945836049407,117.88356827882592,116.11506813378708,114.5538561384327,113.22773518148216,112.15916525635674,111.3640783927757,110.85185500668473,110.625980420599,110.68564534667115,111.02827707819324,111.65100317545557,112.5491419922144,113.7137692820499,115.13163965332927,116.78417464894153,118.64888527468383,120.70017662977898,122.90998604458218,125.24889052797278,127.68727977100889,130.1944709833325,132.7406634978663,135.2978229588706,137.8380536179037,140.33484490870114,142.76469021804292,145.10806381293173,147.34852449521247,149.47101857482448,151.4612039272506,153.30312410839844,154.97832875729688,156.46853182783883,157.7585215723782,158.83828125616785,159.70421265325334,160.36019609916198,160.8183931911792,161.09819751981917,161.22669547695793,161.2351079384913,161.15425414606952,161.00947373705196,160.817172896991,160.5857847311824,160.31567328298883,159.99874086512426,159.621197169319,159.16607101423187,158.6159712965885,157.95526606121845,157.17129598374592,156.25578113923066,155.20424693411948,154.01436894976797,152.68702219126118,151.2266119892069,149.64004918457096,147.93570352390344,146.12376096911305,144.21670026330185,142.2299400210793,140.1815052844929,138.09235335470635,135.9839799264513,133.87675323352835,131.79164449769576,129.7511137572303,127.77860686342785,125.90048530962679,124.1441779659317,122.5348445361218,121.09352679688845,119.83577658699062,118.77280213289316,117.91202029369708,117.25886000467506,116.81916305544229,116.601824759128,116.62014426575013,116.88927271830852,117.42151905309856,118.22427665056733,119.29924551861723,120.6420107713451,122.24106376387078,124.07735710590748,126.1251529973872,128.3527018296586,130.72643721626696,133.21412064686228,135.78722008863338,138.42108434117313,141.0940303697389,143.78397948464635,146.46813615252222,149.1227438333948,151.72121155163836,154.23361213851422,156.6273025832902,158.87086582598033,160.93731735325775,162.80494047784305,164.4574011881764,165.88294408793172,167.07554168972882,168.03721930463888,168.77969356532418,169.32111079245033,169.6825937121081,169.88305626417036,169.93597903549633,169.85002660907963,169.63136941155727,169.28379345169893,168.807894808454,168.2009581853016,167.45825531299076,166.57226925512487,165.53489674584665,164.33929957960282,162.9799263704545,161.45326791656078,159.75807480683216,157.8966020407646,155.87398200130497,153.6973737321532,151.37590119684376,148.9214462598036,146.34899520235808,143.67643229870055,140.92468040985614,138.11672535389084,135.2777985789346,132.43499636046067,129.6163311555547,126.84998305391605,124.16462496606891,121.58771338310612,119.1472655658938,116.8719820833137,114.79047391136282,112.93072243755819,111.3177284377914,109.9720120409612,108.91023375445786,108.14690462779191,107.69573783157168,107.56901212047306,107.7740198164515,108.31119025600367,109.17435468155361,110.35177990583156,111.82621754666093,113.574040294562,115.56525876911496,117.76606242073944,120.14375956716253,122.66886352024403,125.31679331593841,128.0669472847269,130.899643956388,133.7941042215607,136.72877779697592,139.68036372292613,142.62487483146606,145.5375064748248,148.39301196880888,151.16768671456134,153.09406235733445,154.94178497684675,156.76038458407982,158.5659538404741,160.35912378237117,162.135982062141,163.8922858880385,165.62460480815116,167.3303590986868,169.0077022835468,170.65533989136327,172.27242397669272,173.8584517387584,175.41322316357332,176.93679046019417,178.42940455208566,179.89143939569942,181.3233408239015,182.72561646955114,184.09888701691034,185.44391871866537,186.76164559700942,188.05318951490915,189.31988703627826
"(left_hip,
                    nose,
                    right_hip)",3.484561129748344,4.984302463307952,6.484567191618935,7.983985065003395,9.480846723924756,10.973137636468792,12.45857418490603,13.934644414836427,15.398646708381296,16.847729855330726,18.27893512252856,19.68924410873891,21.075636830877162,22.435167488675404,23.76506502967406,25.062874012885842,26.326656120299315,27.555278073860844,28.748827500736017,29.909222131050882,31.041176345196014,32.15360006101125,33.261217279335554,34.3849108605409,35.54617573558724,36.00232086838133,36.400470933780134,36.745214023897994,37.034318259775105,37.258787492655614,37.40501925871275,37.45684771412436,37.39685879671414,37.207820285474,36.874786541172845,36.38656099763068,35.736761739470126,34.9246561701586,33.95573224285982,32.84219376487268,31.603063588639714,30.263763261130194,28.85535461298378,27.413436125867115,25.97690536954633,24.585751014958852,23.2779581059536,22.085698947084104,21.0313592413057,20.12425116571167,19.360036202123375,18.720274729194095,18.17631494801476,17.7004761038362,17.272371245836226,16.876501528406163,16.50065150220126,16.13674429301554,15.782368615250771,15.438553504204933,15.108271017725365,14.795564129640052,14.505054056712666,14.242379195453502,14.014642126971923,13.831548865085391,13.706523373812328,13.656385362228075,13.700397410229366,13.853116110095508,14.122586866212428,14.50953303612468,15.007076931708156,15.601753130981528,16.275792999097426,17.009134439041695,17.781120847610246,18.57161054631849,19.362239105366854,20.137211858014673,20.88356725564691,21.591430952257326,22.254004533886366,22.867370363244333,23.43022894083125,23.943638119206916,24.410650832096344,24.835653423255373,25.223798636746952,25.580599759947646,25.910955632367244,26.218134319276295,26.50276767577421,26.761759271014732,26.989209523887865,27.17660624453268,27.313453838151293,27.388545354430274,27.39109880849695,27.311481504536488,27.142220786428737,26.878874496253523,26.5206178486371,26.07060318913973,25.536019541731903,24.927963079813736,24.260994906632703,23.55235565982217,22.821363888320448,22.088682536981636,21.375061953975575,20.699514514369874,20.077174461733584,19.51734918464153,19.02169400730184,18.5843040724723,18.193858487570026,17.836746441732693,17.502515979249388,17.182269792300865,16.869228889015865,16.559165652478065,16.249920648627892,15.941340073958848,15.636203048385788,15.339768828316146,15.058472570446988,14.798985685076708,14.56817481874581,14.373363531372483,14.223600024082245,14.130592652450265,14.106133968438956,14.160533243432038,14.300295704753733,14.527370327093804,14.839267002072773,15.227675458807845,15.679215974038549,16.1777373408488,16.705920747596963,17.24700961491574,17.785955046273187,18.310015746658138,18.809369050236626,19.277000102982697,19.70832163360896,20.101063189616866,20.45526629669709,20.772711843254896,21.05637609093735,21.310059633788725,21.538164149614282,21.74538609897439,21.936391298794497,22.114784995305055,22.28204214999144,22.437332716110028,22.577787537959153,22.698940861421598,22.795007540400753,22.858717418830288,22.882278551995178,22.858388360604025,22.78102142965284,22.64608948243547,22.451948498742254,22.19982916207684,21.893940089791876,21.541249886904524,21.15111480226858,20.734647494411988,20.303933870724634,19.871281334728486,19.449050302884174,19.0493191791048,18.682704199163638,18.356539551932762,18.073388304146853,17.83002200961721,17.61855147346096,17.429682222719087,17.253482523271103,17.081025057603306,16.90489356279457,16.719812128668877,16.524076605144288,16.318779678235558,16.106615195258577,15.891748056299072,15.679686521780681,15.477175583573796,15.294107070537194,15.148299822792204,15.06015377360464,15.047890172126259,15.125053965326607,15.299934346170158,15.576060075810073,15.951368617461434,16.4178277599093,16.961126034249375,17.56253992356966,18.20101003363662,18.85570124130774,19.50731655802244,20.138834957333103,20.736021877942505,21.288079262348788,21.787966477573036,22.23249258274356,22.621475806591747,22.95695519493414,23.2427210706595,23.484032033177996,23.687194136711682,23.85914184013736,24.006381164759155,24.133581279503648,24.244477827090584,24.34135789569137,24.423924329621116,24.48932876451139,24.53212626880169,24.544452029315494,24.51675120621215,24.438977793104428,24.30218087187359,24.099743309218695,23.828254982017228,23.488157325179586,23.083931083014903,22.62392346591284,22.119923809223323,21.58663357245301,21.04081453846588,20.500277951562992,19.983079488216113,19.50604385142465,19.082670967633632,18.72093050661948,18.42057190026521,18.17268153957224,17.96750289615732,17.795359700920955,17.64598811216777,17.508587010267775,17.372716227788295,17.23020836427103,17.075837454335343,16.907359088314635,16.724124698867485,16.526584534046194,16.31584568990742,16.093929144776,15.863911165294553,15.63008655168187,15.397950551880214,15.174134587629226,14.966137047764484,14.78183568998039,14.62906942456928,14.515088313557698,14.445985826459992,14.426949877954957,14.463325106754777,14.558654740747563,14.713243488499131,14.923750415726943,15.183775488161757,15.484399553606295,15.814732499250951,16.16369675466308,16.521572829031342,16.880296776406595,17.23343639803346,17.57568862676507,17.90267686968386,18.21088434224845,18.497539624009207,18.760726984263783,18.99936682997877,19.21312792276896,19.402237528386465,19.567190765588087,19.70864736064992,19.827405447405297,19.92460205815287,20.00192502568609,20.061368869702356,20.105142069936125,20.134997453680075,20.152099654567472,20.157782416401943,20.153366006533687,20.14003870821569,20.11895647071185,20.091433776533627,20.058663857919434,20.02108926603146,19.97808163133446,19.928533321962824,19.871402160638247,19.805881267479077,19.731553061826126,19.648550137673215,19.557744030072428,19.46083279958155,19.360350759562202,19.25933621525384,19.160680608881155,19.066522905429416,18.977502163096336,18.89178152903933,18.805100183281596,18.713200372226137,18.612435151289517,18.50063097273508,18.377438869889097,18.24360697011256,18.099816135799955,17.946063958961005,17.781738338911666,17.606110701504903,17.41882423082403,17.220224362146595,17.012148352842303,16.798460768643153,16.584590417010133,16.377056447582973,16.183052400706416,16.010989505592107,15.870196462645424,15.77084266491488,15.72555886299536,15.746639043507802,15.844729604219863,16.02704417653655,16.296387256101426,16.650217876395686,17.081557578173005,17.579427513462548,18.129196003157716,18.714152172397462,19.31683104215992,19.92023857596294,20.50906577437513,21.070813728233134,21.59628812664124,22.07920035610732,22.51546691533619,22.90298826713024,23.24132071055385,23.531329641001207,23.774657400091513,23.973480143909853,24.130096101489023,24.246846430122808,24.326106590244336,24.369586035268867,24.378662959356085,24.354613045624845,24.299905545695495,24.217425368187094,24.10921568332438,23.977027035368792,23.821640104043297,23.642948209461963,23.44060176449588,23.21433708086451,22.964407758400824,22.69194119214393,22.399211558798868,22.089792282017157,21.768579042587348,21.4413197400837,21.114594171438263,20.79617384101242,20.494239740201536,20.216231558585854,19.967430956446037,19.750531564631075,19.564835386318173,19.4056487451834,19.267608293742832,19.14470350995837,19.03131529956299,18.922358070367167,18.813645416959965,18.701734489098683,18.583454043257703,18.456464476670305,18.319734776452762,18.17322592922453,18.017748914299034,17.85518351763966,17.688370479783487,17.52143658497647,17.359939131682836,17.21167734008654,17.089643763630818,17.009177253737036,16.98536351835687,17.031641998922343,17.158126305828937,17.370093051010528,17.66727842773888,18.043999776348954,18.490427740770144,18.99383184840454,19.538983809323042,20.108939643817223,20.687283712467945,21.259676850758524,21.81363922325943,22.33956276017659,22.830441188123643,23.28166337859642,23.690732389174798,24.056531540622444,24.37887403219048,24.658186847147306,24.895268792296434,25.09107008640501,25.24621826952029,25.359905157867278,25.430067246540546,25.45411819033165,25.429446153386763,25.353711190962684,25.225287849399592,25.043604634703826,24.809755965026483,24.52688765567592,24.199914989733486,23.835265928138597,23.440325267100718,23.023221462645097,22.592652161367653,22.15694306526322,21.72393959081441,21.301126643385203,20.895704645856455,20.514575337252936,20.164161010049014,19.85013266308311,19.57622819559455,19.342970889013717,19.14635973691023,18.97748085024261,18.827264829478572,18.687713630917116,18.552225764149362,18.41656894073126,18.279107459463955,18.140053640263577,18.0004519690945,17.86089650000664,17.721091705654416,17.58016348519837,17.436418703855736,17.287466000687203,17.13013899870934,16.96098404313065,16.776955254358256,16.510413391981672,16.25094386881844,15.992516911643975,15.731911584968202,15.467866570698902,15.200119737672651,14.928874400250123,14.654546538895062,14.377644848207979,14.098710821284072,13.81828884557774,13.536913007292213,13.255098825584383,12.973337199935116,12.69209060761375,12.411789144401723,12.132826409587608,11.855555150417388,11.580280663081851,11.3072575637662,11.036686736805962,10.768712827777563,10.50342205621348,10.240838465295667
"(left_shoulder,
                    nose,
                    right_shoulder)",50.99690587273258,51.477764900296656,51.95584631575691,52.4305216426334,52.901058165166184,53.366631679587634,53.82634771141167,54.279277551900925,54.7244780147368,55.16100527176976,55.587942318417134,56.00442253217521,56.4096606800179,56.80299819563113,57.18396457881056,57.552359957214264,57.90837086860592,58.252727242337656,58.58688597579397,58.91317476643176,59.23511416389672,59.55784549343636,59.888357351358025,60.234610844240315,60.601675325247065,60.753650795985074,60.89297795731594,61.01532818143829,61.114282627276246,61.18233960670145,61.21228976037516,61.19809951920771,61.135080248116836,61.02009302148523,60.85219118522913,60.63260256820415,60.36489174905436,60.0549847865052,59.71079268251847,59.34185053032385,58.958753691419275,58.572335526231825,58.192767108615286,57.8287951472445,57.488147987449146,57.176803808311575,56.89766348773909,56.64975269131122,56.42854647786879,56.22728990051402,56.038918858446166,55.855687044030546,55.67007462342968,55.47727010517518,55.27538247179293,55.06458277040748,54.846875294639,54.62595884256856,54.40675995042071,54.1940777382072,53.99209163325109,53.80405960919285,53.63271369479125,53.4812323240116,53.353367356978694,53.25354336120303,53.18706954735326,53.15924987366509,53.17474122473387,53.23455087350704,53.33596128532475,53.474220939139656,53.643067825532846,53.83554197649114,54.04505629773037,54.266079753825565,54.49466353711368,54.72801452376324,54.96399505040365,55.20061043183366,55.43607379100642,55.66898458096383,55.898353296618666,56.12366347502466,56.34558087107118,56.565042547205664,56.78252889015691,56.997776015865654,57.20962392608195,57.416443689251196,57.61609706736573,57.80580354358251,57.98233130595082,58.14167788222671,58.279825344908005,58.393026788493906,58.477832626546785,58.531580410948244,58.55242279756817,58.539250983604774,58.49180364782107,58.41117304879417,58.299881520082415,58.161671532373774,58.001176678845155,57.823516163040466,57.63401179977469,57.438021479850725,57.240839403637295,57.0472146574202,56.86091471939178,56.684020914691075,56.51630815420151,56.355444017513626,56.19702453328078,56.035197579468786,55.86408247520237,55.67890618015242,55.47806172979104,55.261881702133444,55.03220022370593,54.79283510003381,54.54863026284579,54.30467685163608,54.06665293383414,53.840640129878174,53.632321244789,53.44665110131612,53.28839799923534,53.16234760949779,53.07318665624234,53.02513184519529,53.020351491195235,53.05822245358715,53.13637705275871,53.251877595008914,53.40221207750228,53.584850359522854,53.79703995211477,54.03548923958503,54.29540833891852,54.57087451292726,54.855797245446595,55.14443455557934,55.43181537537226,55.71373464678918,55.98650847182263,56.247484284336565,56.494923213940474,56.72738932472482,56.943454964699285,57.14198843562448,57.3223675083607,57.48423973733315,57.62741899812686,57.75156373680468,57.85570224897875,57.938222251068396,57.99751373097935,58.03241941486826,58.04235442707412,58.027192334261564,57.98729865034497,57.923264153314314,57.83578453378535,57.72590135642477,57.59534710371297,57.44654264577023,57.28234413677035,57.10586475282574,56.92047898976249,56.72956386626585,56.53631810924563,56.3435353090983,56.15406726905694,55.97120059296902,55.797965694796744,55.636049467786094,55.48569452017456,55.34613314465418,55.216448978719704,55.096336226505414,54.9852927425863,54.882036051426866,54.78405189204442,54.68788221527734,54.59045581865085,54.49001253031943,54.387211918284834,54.28531941864303,54.18909962947203,54.10379954193073,54.03517837960776,53.990569126511815,53.975880683956035,53.99403348783343,54.04504804701096,54.12693815598954,54.23679000391965,54.370373685810776,54.522661718313785,54.688967495727574,54.86694722089688,55.05675777512923,55.26040643428944,55.48053511722541,55.71816818181368,55.97246012154881,56.241438700902904,56.52246333560871,56.812511395181005,57.10866653642346,57.40820815103931,57.70788473805548,58.004504334436845,58.29591549533845,58.581120663308496,58.85909875980134,59.127936411961294,59.38600533882641,59.63184750270231,59.86315981230222,60.07688692231295,60.26948847393168,60.43693333484165,60.575373130729055,60.6813516283365,60.7521653987217,60.786077594563594,60.782609598015526,60.74289701636293,60.670006476621126,60.56826271557983,60.442469297209634,60.297178465428395,60.13609913509738,59.96190954832113,59.776119236249535,59.57927268697878,59.37085082314893,59.149277234522515,58.9119640699373,58.656265040025346,58.382679559631015,58.09383435115569,57.79307518221786,57.48427769698219,57.171528108291795,56.85919977988392,56.550933647888485,56.24852212247666,55.95151929528578,55.65879598596264,55.36996850218412,55.08623643629676,54.811080919704125,54.5490032934966,54.30443730689251,54.081604532150564,53.88463780068831,53.71740101898716,53.58346135556306,53.48580963290325,53.42558700617886,53.40230128071367,53.4152241077297,53.463219021325436,53.54447708720123,53.656004018786874,53.794124727702986,53.95657216872027,54.1428965393054,54.35298373001004,54.586144112547146,54.84003572976174,55.11116169824752,55.39514527862462,55.68744390329332,55.983649258711345,56.279638446301064,56.571948447820134,56.857866348694216,57.13544235065449,57.40349762632684,57.66118182781565,57.90758833312478,58.14198953124554,58.36385699759347,58.572730345548266,58.768857267453384,58.95359550290556,59.12779372120437,59.29129193339066,59.44374270048084,59.58470731513174,59.71326562938342,59.82789920847355,59.9269977028774,60.009310943803065,60.0738422510123,60.11969452240976,60.14632679577409,60.153601807058536,60.14146127630987,60.10978337523889,60.058530601237706,59.988078926825665,59.89907811718594,59.79230319591471,59.668801947156226,59.530090593214034,59.37798361590164,59.214199575097126,59.0398072807857,58.855237274439496,58.66103093493412,58.457866212372764,58.24720111586859,58.031218588468704,57.81129284452555,57.58858923915378,57.36595663344481,57.14777589683655,56.93910225626168,56.744709050147364,56.56899224251454,56.41655139919504,56.29217396458901,56.199938134073946,56.14265407947766,56.12197846533259,56.138894611663666,56.19336452404835,56.28469735558354,56.4135656874762,56.580495203550164,56.78492041275399,57.02574778719746,57.300538918988096,57.604608812145955,57.93265781973483,58.27913594801595,58.638560902977545,59.00629474685873,59.37855129826187,59.752160602811685,60.12429338450815,60.49242448529091,60.85391801189816,61.20551824805844,61.543089062135024,61.862164905203514,62.15858325582519,62.428757074938616,62.66959574088041,62.87873195912859,63.054312048612985,63.19518045649336,63.30101638327729,63.37212752280355,63.409788837578745,63.415543894076585,63.39181707766451,63.3413621332898,63.26650169729004,63.169469450531494,63.05217873461616,62.91593653737053,62.76196637515727,62.592137856824365,62.409117111863026,62.21600011818978,62.015749404395464,61.81068126936363,61.60205083760815,61.389835170018074,61.17354668665416,60.953288479249906,60.72942416691812,60.502065312925055,60.27085793427693,60.03541408484632,59.79480842735366,59.54697143645711,59.29085524908278,59.026298089408854,58.753727306414575,58.47504900552431,58.19426556443176,57.91591152428019,57.643468266432535,57.379487555828604,57.12649287411158,56.88682082979912,56.66259146346647,56.45626406110185,56.27061553271331,56.10908112611568,55.975224116241776,55.87277795316477,55.806945439822584,55.78222789240583,55.801261116987796,55.864666356932624,55.970968338019695,56.116577179457785,56.29600753366054,56.50263914516611,56.72973356109408,56.972090222818366,57.22602660502581,57.48848069525056,57.757903889719714,58.03431408845623,58.317618761932394,58.606756360238876,58.89945332268114,59.19237206962856,59.48135278440088,59.76196708661726,60.03001241042551,60.28158667960133,60.51306040763755,60.72127932472317,60.90362808387968,61.05750168262054,61.18047694495141,61.27105080224118,61.329004681883305,61.35505687984847,61.3497617259836,61.31382392110139,61.24799978232967,61.15346287030903,61.031850348248014,60.88568214122631,60.71854479985241,60.53465598238742,60.338740546136364,60.13563507001538,59.92988031869194,59.72528478255548,59.524919539253034,59.33087821662994,59.144124186325826,58.96485468357653,58.79225481820626,58.62416302852618,58.456558610912,58.28377712967723,58.101628398508225,57.907561571541024,57.700397272573625,57.48050503156152,57.24975406493334,57.01084017355953,56.76621536689183,56.517491894135205,56.26520222740447,56.009711595465404,55.75089879958753,55.48835144658034,55.222075782344746,54.953356529456954,54.68470552630069,54.427307334795756,54.189642400681805,53.961831510970654,53.738304119239714,53.51632763583285,53.294573636953714,53.07236890720952,52.84938243826137,52.62549242888157,52.400722189322394,52.175214163896996,51.94921271150599,51.72305068940477,51.49712523030482,51.27186338964117,51.047691498521985,50.82501958219272,50.60422989397841,50.385668056009095,50.16963062368605,49.95635912799206,49.74603212461881,49.5387600378465,49.3345762047187
orientation,-0.8932024760504581,-0.7454031199409982,-0.5953176997337241,-0.44293013645284957,-0.2882740313689832,-0.13142954710811328,0.02748069575123635,0.1882957472113277,0.350819572552038,0.5148261802652088,0.6800656813297217,0.8462696004449948,1.0131553061912761,1.180428496440233,1.3477872706556275,1.5149267512877156,1.6815427641898362,1.8473386050696283,2.012043525819795,2.1754525352051814,2.3375176113392677,2.4985555468949663,2.6597180415919626,2.8239181752298004,2.996900180917464,3.1585201019777136,3.316507465642801,3.470214279188004,3.6186103220898267,3.760296648630585,3.8935358519023446,4.016346471432586,4.126628738810365,4.222302358034049,4.301432079692821,4.3622963020902,4.403457185017674,4.423870236258055,4.422939495234276,4.400559123197217,4.357114544536161,4.293504732786004,4.2111696211310745,4.1120277477670415,3.998403247660539,3.8729177215908193,3.7383811805548097,3.59766510514348,3.453623331730796,3.3090051964485525,3.1662565798849993,3.0272728357400167,2.89333574583514,2.7650419531521635,2.6421875562443775,2.5239730312711544,2.409310949397387,2.297102217052843,2.18657213726316,2.0773100680486207,1.9692915698472762,1.8628243174135406,1.7585143869001119,1.6572007421269452,1.5598261289901059,1.4673837007345405,1.380848517863611,1.3010717356935646,1.2287717062940695,1.1645106645920706,1.1087230964132262,1.0618234894327605,1.024219433360217,0.9963045317413126,0.9784472515589315,0.9709597117142295,0.9740970710556285,0.9880051620287833,1.0127207949573704,1.0480638522988457,1.0936008093751548,1.1486560634376535,1.2123240020550732,1.2835109135710878,1.3609902770446967,1.4434766099899727,1.5296932478471188,1.6184083339552764,1.7084135716449875,1.798614240119436,1.8880532565963453,1.9759266809418374,2.0615779995289767,2.144378444637571,2.2236512943857694,2.2986159076412545,2.3683868904545964,2.432046600539959,2.488705733748196,2.537505433753581,2.5776525335173193,2.608463130953422,2.6293829122321104,2.6399529552613994,2.6397719477537485,2.6284833002402612,2.605784277610552,2.5714682407637,2.5255182532543845,2.468171235033104,2.399955937290322,2.3216977456339674,2.234590123737858,2.140192668688112,2.0403168313180924,1.9369731973046775,1.832318816589435,1.728451168786881,1.62719665770741,1.529957048612399,1.4376870121995982,1.351021421606486,1.2703577221877058,1.1959660520298057,1.128178364906896,1.0674065608877399,1.0140588835468902,0.9685098372198677,0.9311122284149786,0.902164789174305,0.8819475079684636,0.8707918583486143,0.8691211207084658,0.8772922326597695,0.8954355888992626,0.9234227690888313,0.9609347322413377,1.0073123555828722,1.0613545112778553,1.121470165905201,1.1859026368637604,1.2529330463127835,1.3210184422228561,1.3888502958896112,1.4553668175794883,1.5197178179494006,1.581231577783651,1.6394110457970719,1.6939808628858497,1.7448822338386947,1.7922415263681373,1.8363693622610704,1.877773403518832,1.9170989478217866,1.955035978860189,1.9922153538206988,2.0290943665952126,2.0658819543854046,2.10255639768934,2.138861061873852,2.174281416953864,2.2079629082163494,2.2387684008809545,2.265451111580295,2.2867972455201087,2.3017155344868065,2.309389357059076,2.3094277503226732,2.301901490229336,2.2873096771827104,2.2664996108559414,2.2405782359756197,2.2108286520764047,2.1786108481897184,2.1453227850778402,2.1123074500297023,2.0807670093162374,2.0516860011383313,2.0257478465409897,2.0032068757574164,1.983804056260961,1.96677700369376,1.9509958613172773,1.9350884311957728,1.9175729011783655,1.897050819206549,1.872503478566511,1.8433537852141022,1.8092718797161726,1.77011406321121,1.7259392159518185,1.6770830152596528,1.62414553674855,1.5679347526943896,1.5094008100379916,1.4496234797298726,1.3898082678283927,1.331218047801464,1.2751865248089942,1.2230659270874362,1.1761103445481638,1.1352485731029898,1.1010212050417607,1.0735436134545608,1.0525213079461953,1.0372965727555927,1.026966425636909,1.020518297131881,1.0169762730211385,1.0155121469252781,1.0155144539077978,1.016568328731969,1.0183890861251264,1.0208058069759205,1.0237784205323344,1.0273691745470002,1.0317541119491498,1.0372085180845922,1.044159670873324,1.0532165298116465,1.0650198649774376,1.080069868653128,1.0986221654403354,1.1206668221382885,1.1458912572455198,1.173604516386781,1.2027505192698134,1.2320656112971453,1.2602621764673678,1.2861996664073967,1.3089762385112964,1.3279178861735204,1.3425592482121609,1.3526353967020228,1.358051846904407,1.3588862433886701,1.3554429629883566,1.3482648935660593,1.3380694701131144,1.3256811419991232,1.3119525483636676,1.2977163313343254,1.2837505438584011,1.2706734807283906,1.2588407911314956,1.248273933787643,1.2386212569404478,1.2291092227684937,1.2186868774308612,1.206267778866673,1.190975308298154,1.172183778083653,1.1495343816928045,1.122935105002563,1.0925234604052196,1.0586473167181012,1.0218754910577275,0.9830164328111852,0.9430869637707371,0.9032936137508454,0.86499473337871,0.8296748920197086,0.7988732882412197,0.77412841024596,0.7570019896995879,0.7490571104810613,0.7517254767087564,0.7663062719820785,0.7939018156816642,0.8351585634462175,0.8900492467572114,0.9577745020565871,1.0368665355295796,1.1254145337304458,1.2213053420349098,1.3223843357037666,1.4264805596383852,1.53141029338952,1.6350386521164708,1.735434463778951,1.8309759366521234,1.9203706107050493,2.002672835407722,2.0772636534703395,2.1437587170998,2.2019234206912834,2.251679135452484,2.2931106841978277,2.3264284574183094,2.3519062945519185,2.369882899036207,2.3807147441768617,2.3847186915720977,2.3821536603350246,2.373263113961741,2.358281853086506,2.337512710862814,2.311275520803239,2.279867998928477,2.24354947151879,2.2025638631500044,2.157259718140729,2.1081819493923177,2.0560957294802478,2.001968566009193,1.94699800848662,1.89255393464261,1.8401573294588403,1.7914335132340753,1.748023399744346,1.7114675704970255,1.6830428934865163,1.6635407609250255,1.6530581698175233,1.6509584306809995,1.6560337215208794,1.666583574377679,1.6807069214244006,1.6966824661491575,1.7130456333332766,1.7284980766022642,1.7417890925134767,1.7517272420401762,1.7572048591995495,1.7572273280575996,1.7510168121109473,1.7380534552826212,1.7180091987325437,1.6906726984516496,1.6559496029669525,1.613855423569401,1.5645868339024318,1.5085553419241933,1.4464576746267461,1.3792691505198995,1.3083159188830216,1.2352560105288575,1.1620461429451616,1.09085817565472,1.023963182440525,0.963620494538219,0.911931556928824,0.8706473539626067,0.8410294557036551,0.8238325373727395,0.8192962467170366,0.8272270947070975,0.8470780492871626,0.8779952416147161,0.9188415429287602,0.9681935074908026,1.0243860946022885,1.0856383345761813,1.1501487989783392,1.2161762069290916,1.2821305894129722,1.3466012286019478,1.4083860639629293,1.466506232222926,1.5202862551086156,1.56947090212509,1.6142132594913186,1.655003874912822,1.6924866487538992,1.7272560875928082,1.7598279933210037,1.7905242177222158,1.8194419789760192,1.846486267048338,1.8713516729495843,1.8934827920325228,1.9120982516878868,1.9262955438451925,1.9351739797873613,1.9378573058871371,1.9336120637773604,1.9219850686441227,1.9029053590000586,1.876733361636397,1.8442575586878842,1.8065639857665534,1.7649624002977031,1.7208271900777987,1.6755277387588023,1.6303123608124306,1.5862465756083566,1.5441129145756713,1.5043484793991828,1.4670401796193078,1.4320336098478395,1.3989675834598732,1.3674007878112437,1.3368628781367047,1.3067851578687684,1.2765702223012063,1.2456781184249408,1.213669760193202,1.180298021730355,1.1456159032901532,1.1099739297754212,1.0740879300588588,1.038944877361459,1.0058098643382358,0.976153000123734,0.9516218407734591,0.9339028293807559,0.9245551545041959,0.9248558071174084,0.9356692211434927,0.9574137129750122,0.9900867315774864,1.0332783565695625,1.086120837598326,1.147415313928171,1.2157285624301437,1.2895455715111552,1.3672652768547309,1.4472554172194023,1.5279127145901725,1.6076501615030665,1.684923992858856,1.7582774183939236,1.826448435531752,1.8884007681603805,1.94328677478277,1.9904177011115607,2.0292655639473445,2.0594316115397433,2.0806369788682506,2.092807995831457,2.0961562541804386,2.0911421171061146,2.078375233990922,2.0585447524420744,2.032369876012396,2.0006036888567564,1.9639370385460069,1.922979856387883,1.8782068942027124,1.829962790932008,1.7785516833611368,1.724338297364902,1.667811978194095,1.60958780019061,1.5504494258947972,1.4913598593670763,1.433405190337325,1.37769665179826,1.3253269459974923,1.2772507794560912,1.2342461049638427,1.1968249684043804,1.1652183954852027,1.1393360603580218,1.1189059402579389,1.1035388518748963,1.0927357173010463,1.0858353183501688,1.0819796986527361,1.080217712978154,1.0795766938879883,1.0791509395433128,1.0779411500727958,1.0748565060928215,1.0688587186764327,1.0320467021523054,0.995727083823942,0.9599127565463412,0.9242066008767136,0.8882020205840071,0.8515934077445166,0.8141744702187204,0.7758156312086264,0.7364434263401982,0.6960245625654906,0.6545557673200904,0.6120560232145458,0.5685639356740104,0.5241370166440866,0.47884503509687093,0.4327644001822044,0.3859737190241752,0.3385519143584119,0.29057812266925964,0.24213071150262877,0.193284965108095,0.14410907933880424,0.09466398391847264,0.04500257058975876
